Activation | LR | Val Acc | Test Acc | Confusion Matrix

ReLU | 0.01 | 0.8533 | 0.8267
[[31  5]
 [ 8 31]]

ReLU | 0.1 | 0.8533 | 0.7733
[[30  6]
 [11 28]]

ReLU | 0.5 | 0.8667 | 0.8267
[[33  3]
 [10 29]]

Sigmoid | 0.01 | 0.5333 | 0.5200
[[ 0 36]
 [ 0 39]]

Sigmoid | 0.1 | 0.8533 | 0.8267
[[31  5]
 [ 8 31]]

Sigmoid | 0.5 | 0.8667 | 0.8133
[[31  5]
 [ 9 30]]

Tanh | 0.01 | 0.8533 | 0.8133
[[31  5]
 [ 9 30]]

Tanh | 0.1 | 0.8667 | 0.8400
[[32  4]
 [ 8 31]]

Tanh | 0.5 | 0.8800 | 0.8800
[[32  4]
 [ 5 34]]

